DateTime,Entries,UniqueIPs
1449779808,20564,20564
1449794731,20565,20565
1449824433,20566,20566
1449839359,20569,20569
1449922172,20571,20571
1449937191,20572,20572
1449952071,20573,20573
1449967612,20574,20574
1449982453,20575,20575
1450012159,20576,20576
1450042580,20578,20578
1450057516,20580,20580
1450087213,20581,20581
1450102166,20583,20583
1450132038,20584,20584
1450146985,20585,20585
1450192171,20586,20586
1450285235,20587,20587
1450300170,20590,20590
1450346416,20591,20591
1450469640,20592,20592
1450484324,20593,20593
1450499239,20594,20594
1450547203,20596,20596
1450562056,20598,20598
1450576820,20599,20599
1450591763,20601,20601
1450606711,20602,20602
1450621644,20603,20603
1450636589,20604,20604
1450651516,20606,20606
1450666460,20607,20607
1450681224,20608,20608
1450696326,20609,20609
1450756828,20611,20611
1450801653,20612,20612
1450832057,20616,20616
1450847971,20619,20619
1450862843,20620,20620
1450877798,20621,20621
1450892747,20622,20622
1450907687,20624,20624
1450922435,20625,20625
1450937370,20628,20628
1450952326,20629,20629
1450967261,20632,20632
1450982179,20634,20634
1451012053,20636,20636
1451026844,20637,20637
1451041766,20638,20638
1451071638,20639,20639
1451086618,20640,20640
1451117563,20641,20641
1451133986,20642,20642
1451155614,20645,20645
1451175028,20648,20648
1451247568,20650,20650
1451277412,20651,20651
1451292403,20652,20652
1451321649,20653,20653
1451357127,20657,20657
1451386832,20658,20658
1451431245,20659,20659
1451446071,20660,20660
1451460993,20661,20661
1451475926,20662,20662
1451490625,20663,20663
1451520016,20665,20665
1451549904,20667,20667
1451564834,20669,20669
1451639370,20670,20670
1451654310,20672,20672
1451669251,20673,20673
1451699187,20676,20676
1451728815,20678,20678
1451759871,20679,20679
1451804066,20680,20680
1451818814,20681,20681
1451833782,20683,20683
1451863259,20684,20684
1451878047,20685,20685
1451892982,20686,20686
1451907923,20687,20687
1451922857,20691,20691
1451937512,20692,20692
1451981940,20693,20693
1451996837,20694,20694
1452026734,20696,20696
1452041659,20698,20698
1452056424,20699,20699
1452086319,20700,20700
1452116184,20702,20702
1452160459,20703,20703
1452191843,20704,20704
1452206717,20705,20705
1452236430,20706,20706
1452278906,20707,20707
1452293678,20708,20708
1452308414,20710,20710
1452323558,20711,20711
1452353246,20712,20712
1452413364,20713,20713
1452443274,20714,20714
1452458193,20716,20716
1452547646,20719,20719
1452562585,20720,20720
1452592623,20721,20721
1452607218,20725,20725
1452637111,20726,20726
1452652041,20727,20727
1452666992,20728,20728
1452681921,20729,20729
1452711659,20730,20730
1452816022,20731,20731
1452830968,20733,20733
1452860861,20734,20734
1452949961,20735,20735
1452980186,20739,20739
1452995134,20740,20740
1453010066,20741,20741
1453024817,20743,20743
1453069459,20743,20743
1453084095,20743,20743
1453098747,20743,20743
1453113369,20744,20744
1453128272,20745,20745
1453142891,20745,20745
1453157535,20745,20745
1453172187,20745,20745
1453186815,20746,20746
1453201969,20747,20747
1453216569,20749,20749
1453231218,20749,20749
1453245872,20752,20752
1453260491,20754,20754
1453275150,20755,20755
1453289769,20756,20756
1453304415,20757,20757
1453319057,20757,20757
1453333699,20757,20757
1453348332,20759,20759
1453362971,20759,20759
1453377608,20760,20760
1453392263,20760,20760
1453406907,20760,20760
1453421547,20760,20760
1453436171,20760,20760
1453450807,20762,20762
1453465450,20764,20764
1453480097,20769,20769
1453494743,20770,20770
1453509373,20772,20772
1453524023,20773,20773
1453538647,20773,20773
1453553297,20774,20774
1453567931,20777,20777
1453582569,20777,20777
1453597216,20778,20778
1453611852,20779,20779
1453626498,20781,20781
1453641147,20783,20783
1453655768,20784,20784
1453670410,20785,20785
1453685052,20785,20785
1453699699,20786,20786
1453714337,20786,20786
1453728971,20787,20787
1453743639,20788,20788
1453758252,20789,20789
1453816840,20791,20791
1453860732,20793,20793
1453890008,20794,20794
1453919286,20796,20796
1453933940,20798,20798
1453948494,20803,20803
1453963215,20804,20804
1454109613,20805,20805
1454168189,20807,20807
1454182804,20808,20808
1454197453,20809,20809
1454256040,20810,20810
1454270649,20812,20812
1454300047,20814,20814
1454344093,20815,20815
1454358740,20816,20816
1454373370,20818,20818
1454388011,20820,20820
1454417321,20822,20822
1454447255,20824,20824
1454476808,20826,20826
1454520770,20827,20827
1454535370,20828,20828
1454550027,20829,20829
1454564650,20831,20831
1454608569,20832,20832
1454637852,20834,20834
1454667128,20835,20835
1454696431,20836,20836
1454711049,20838,20838
1454725686,20840,20840
1454740335,20841,20841
1454769725,20843,20843
1454784265,20844,20844
1454798893,20846,20846
1454828420,20848,20848
1454843053,20857,20857
1454857705,20858,20858
1454886980,20862,20862
1454901605,20863,20863
1454930889,20864,20864
1454945539,20867,20867
1454960167,20869,20869
1454974804,20870,20870
1454989451,20871,20871
1455033367,20872,20872
1455048020,20873,20873
1455077298,20876,20876
1455091931,20879,20879
1455136105,20880,20880
1455150752,20882,20882
1455209289,20883,20883
1455238568,20885,20885
1455267850,20886,20886
1455282499,20887,20887
1455297142,20890,20890
1455311840,20891,20891
1455326689,20892,20892
1455341287,20893,20893
1455355934,20894,20894
1455370642,20895,20895
1455385208,20896,20896
1455399867,20897,20897
1455414492,20898,20898
1455429137,20899,20899
1455443771,20901,20901
1455473048,20902,20902
1455487718,20903,20903
1455502330,20904,20904
1455531615,20909,20909
1455546247,20910,20910
1455560895,20916,20916
1455575544,20919,20919
1455634093,20920,20920
1455648742,20921,20921
1455678018,20924,20924
1455707286,20928,20928
1455721958,20934,20934
1455736833,20940,20940
1455751949,20941,20941
1455766570,20942,20942
1455781206,20945,20945
1455825140,20949,20949
1455839773,20950,20950
1455869050,20951,20951
1455883695,20952,20952
1455898594,20953,20953
1455913208,20954,20954
1455971779,20955,20955
1455986408,20956,20956
1456015692,20957,20957
1456030345,20959,20959
1456044972,20960,20960
1456059615,20963,20963
1456088894,20964,20964
1456103541,20965,20965
1456118175,20966,20966
1456132738,20968,20968
1456147452,20970,20970
1456162238,20972,20972
1456176970,20973,20973
1456191608,20976,20976
1456220894,20977,20977
1456235459,20980,20980
1456250184,20983,20983
1456264859,20985,20985
1456279451,20986,20986
1456308730,20987,20987
1456323646,20989,20989
1456352890,20991,20991
1456382172,20992,20992
1456396838,20994,20994
1456426094,20995,20995
1456440743,20996,20996
1456470015,20998,20998
1456499296,21000,21000
1456513935,21001,21001
1456543349,21002,21002
1456558087,21004,21004
1456572738,21007,21007
1456602005,21008,21008
1456616681,21009,21009
1456631288,21010,21010
1456675237,21012,21012
1456689852,21014,21014
1456704495,21017,21017
1456748422,21027,21027
1456792567,21029,21029
1456807210,21030,21030
1456836498,21031,21031
1456851172,21032,21032
1456880421,21034,21034
1456895052,21036,21036
1456909700,21037,21037
1456924340,21038,21038
1456997701,21039,21039
1457056567,21040,21040
1457085855,21044,21044
1457100498,21049,21049
1457159292,21050,21050
1457173941,21052,21052
1457188570,21054,21054
1457217859,21057,21057
1457232518,21058,21058
1457247141,21059,21059
1457261770,21064,21064
1457291054,21066,21066
1457305695,21067,21067
1457334974,21068,21068
1457349629,21071,21071
1457364256,21073,21073
1457378934,21074,21074
1457393543,21075,21075
1457452115,21077,21077
1457466732,21079,21079
1457481364,21080,21080
1457496017,21081,21081
1457510652,21083,21083
1457525307,21210,21210
1457554819,21225,21225
1457569457,21226,21226
1457598735,21227,21227
1457628010,21229,21229
1457642601,21231,21231
1457657294,21232,21232
1457686572,21233,21233
1457760272,21234,21234
1457789528,21235,21235
1457804206,21236,21236
1457818810,21241,21241
1457833465,21242,21242
1457848089,21243,21243
1457862745,21246,21246
1457877369,21253,21253
1457892017,21255,21255
1457906659,21256,21256
1457935944,21262,21262
1457950572,21264,21264
1457980888,21271,21271
1457995450,21272,21272
1458039368,21273,21273
1458068660,21274,21274
1458083297,21284,21284
1458097942,21289,21289
1458112594,21290,21290
1458127231,21293,21293
1458141860,21297,21297
1458185776,21300,21300
1458215066,21301,21301
1458229689,21303,21303
1458244349,21306,21306
1458273636,21308,21308
1458288251,21311,21311
1458302897,21312,21312
1458332172,21314,21314
1458361461,21315,21315
1458376089,21316,21316
1458390738,21317,21317
1458405374,21321,21321
1458420029,21322,21322
1458434669,21324,21324
1458449302,21325,21325
1458463935,21327,21327
1458478568,21330,21330
1458493215,21331,21331
1458507852,21333,21333
1458581553,21335,21335
1458610815,21337,21337
1458625455,21340,21340
1458640102,21343,21343
1458654755,21345,21345
1458669651,21346,21346
1458684292,21347,21347
1458698904,21350,21350
1458713541,21353,21353
1458728423,21354,21354
1458743216,21356,21356
1458757941,21357,21357
1458801854,21359,21359
1458816494,21360,21360
1458875056,21361,21361
1458933571,21365,21365
1458948249,21368,21368
1458963029,21369,21369
1458977776,21372,21372
1458992420,21373,21373
1459007050,21374,21374
1459021696,21376,21376
1459036620,21377,21377
1459051223,21378,21378
1459065861,21379,21379
1459080519,21381,21381
1459124710,21383,21383
1459139291,21384,21384
1459168572,21385,21385
1459183214,21387,21387
1459212520,21388,21388
1459227144,21389,21389
1459242060,21391,21391
1459256653,21393,21393
1459271307,21394,21394
1459285953,21396,21396
1459300579,21397,21397
1459329846,21401,21401
1459344514,21403,21403
1459359154,21407,21407
1459373834,21409,21409
1459388412,21410,21410
1459403089,21413,21413
1459417698,21414,21414
1459432347,21419,21419
1459446992,21421,21421
1459476755,21423,21423
1459491375,21424,21424
1459520908,21426,21426
1459550291,21428,21428
1459564815,21429,21429
1459623376,21430,21430
1459638019,21431,21431
1459653127,21432,21432
1459711958,21433,21433
1459741446,21434,21434
1459770748,21435,21435
1459829302,21436,21436
1459843953,21437,21437
1459903027,21439,21439
1459961534,21441,21441
1459976188,21442,21442
1460005479,21444,21444
1460020102,21452,21452
1460034783,21460,21460
1460078907,21461,21461
1460108220,21462,21462
1460122827,21464,21464
1460137449,21466,21466
1460166740,21468,21468
1460181625,21470,21470
1460211175,21471,21471
1460225778,21472,21472
1460240415,20841,20841
1460269714,20840,20840
1460299025,20843,20843
1460313616,20844,20844
1460328251,20845,20845
1460357538,20847,20847
1460372461,20848,20848
1460387090,20850,20850
1460416279,20851,20851
1460445872,20852,20852
1460475147,20853,20853
1460489776,20849,20849
1460504418,20850,20850
1460519057,20851,20851
1460592253,20850,20850
1460606936,20851,20851
1460621548,20943,20943
1460652114,20944,20944
1460666649,20945,20945
1460710577,20946,20946
1460725228,20948,20948
1460739909,20949,20949
1460754509,20950,20950
1460769165,20951,20951
1460783776,20950,20950
1460798459,20951,20951
1460813057,20952,20952
1460827908,20954,20954
1460842593,20955,20955
1460857225,20957,20957
1460871863,20958,20958
1460901145,20960,20960
1460915778,20961,20961
1460930436,20963,20963
1460974866,20964,20964
1460989485,20965,20965
1461004092,20967,20967
1461018748,20969,20969
1461048313,20973,20973
1461121461,20974,20974
1461136095,20976,20976
1461191548,20975,20975
1461206190,20976,20976
1461220815,20977,20977
1461235500,20979,20979
1461265567,20982,20982
1461280094,20982,20982
1461309628,20983,20983
1461324275,20985,20985
1461382812,20986,20986
1461397475,20988,20988
1461412102,20990,20990
